-942846385
-999357649
-942765847
-805276818
-485718953
-157525683
219246942
-490055342
799751344
-978241647
-347101856
-735369336
-977093698
920014631
-506554999
-838535782
-960174471
-744216639
748824528
999618317
-492165585
-976169902
925619846
934077677
459143684
-324786986
-978415171
-554951652
28103714
-978809425
-758426725
-698850992
-796593869
371940187
-909084194
-695893971
999245018
-485689742
860532342
-998118656
-919890687
815412004
-795745574
-777644141
-997344052
-137287838
-978311047
784633658
908693407
-734637362
-783245235
688240743
-294581377
-296004966
-747518228
999539035
-804425447
-795688566
821765470
-654208053
-893558172